0 20
1 41
2 1
3 9
4 22
5 45
6 44
7 36
8 31
9 8
10 7
11 5
12 28
13 11
14 38
15 13
16 49
17 29
18 42
19 27
20 30
21 39
22 17
23 33
24 16
25 24
26 23
27 34
28 18
29 46
30 12
31 21
32 32
33 14
34 35
35 37
36 47
37 25
38 43
39 3
40 0
41 48
42 4
43 15
44 10
45 19
46 26
47 2
48 40
49 6


0 0
1 20
2 41
3 1
4 9
5 22
6 45
7 44
8 36
9 31
10 8
11 7
12 5
13 28
14 11
15 38
16 13
17 49
18 29
19 42
20 27
21 30
22 39
23 17
24 33
25 16
26 24
27 23
28 34
29 18
30 46
31 12
32 21
33 32
34 14
35 35
36 37
37 47
38 25
39 43
40 3
41 48
42 4
43 15
44 10
45 19
46 26
47 2
48 40
49 6


0 0
1 1
2 20
3 41
4 9
5 22
6 45
7 44
8 36
9 31
10 8
11 7
12 5
13 28
14 11
15 38
16 13
17 49
18 29
19 42
20 27
21 30
22 39
23 17
24 33
25 16
26 24
27 23
28 34
29 18
30 46
31 12
32 21
33 32
34 14
35 35
36 37
37 47
38 25
39 43
40 3
41 48
42 4
43 15
44 10
45 19
46 26
47 2
48 40
49 6


0 0
1 1
2 2
3 20
4 41
5 9
6 22
7 45
8 44
9 36
10 31
11 8
12 7
13 5
14 28
15 11
16 38
17 13
18 49
19 29
20 42
21 27
22 30
23 39
24 17
25 33
26 16
27 24
28 23
29 34
30 18
31 46
32 12
33 21
34 32
35 14
36 35
37 37
38 47
39 25
40 43
41 3
42 48
43 4
44 15
45 10
46 19
47 26
48 40
49 6


0 0
1 1
2 2
3 3
4 20
5 41
6 9
7 22
8 45
9 44
10 36
11 31
12 8
13 7
14 5
15 28
16 11
17 38
18 13
19 49
20 29
21 42
22 27
23 30
24 39
25 17
26 33
27 16
28 24
29 23
30 34
31 18
32 46
33 12
34 21
35 32
36 14
37 35
38 37
39 47
40 25
41 43
42 48
43 4
44 15
45 10
46 19
47 26
48 40
49 6


0 0
1 1
2 2
3 3
4 4
5 20
6 41
7 9
8 22
9 45
10 44
11 36
12 31
13 8
14 7
15 5
16 28
17 11
18 38
19 13
20 49
21 29
22 42
23 27
24 30
25 39
26 17
27 33
28 16
29 24
30 23
31 34
32 18
33 46
34 12
35 21
36 32
37 14
38 35
39 37
40 47
41 25
42 43
43 48
44 15
45 10
46 19
47 26
48 40
49 6


0 0
1 1
2 2
3 3
4 4
5 5
6 20
7 41
8 9
9 22
10 45
11 44
12 36
13 31
14 8
15 7
16 28
17 11
18 38
19 13
20 49
21 29
22 42
23 27
24 30
25 39
26 17
27 33
28 16
29 24
30 23
31 34
32 18
33 46
34 12
35 21
36 32
37 14
38 35
39 37
40 47
41 25
42 43
43 48
44 15
45 10
46 19
47 26
48 40
49 6


0 0
1 1
2 2
3 3
4 4
5 5
6 6
7 20
8 41
9 9
10 22
11 45
12 44
13 36
14 31
15 8
16 7
17 28
18 11
19 38
20 13
21 49
22 29
23 42
24 27
25 30
26 39
27 17
28 33
29 16
30 24
31 23
32 34
33 18
34 46
35 12
36 21
37 32
38 14
39 35
40 37
41 47
42 25
43 43
44 48
45 15
46 10
47 19
48 26
49 40


0 0
1 1
2 2
3 3
4 4
5 5
6 6
7 7
8 20
9 41
10 9
11 22
12 45
13 44
14 36
15 31
16 8
17 28
18 11
19 38
20 13
21 49
22 29
23 42
24 27
25 30
26 39
27 17
28 33
29 16
30 24
31 23
32 34
33 18
34 46
35 12
36 21
37 32
38 14
39 35
40 37
41 47
42 25
43 43
44 48
45 15
46 10
47 19
48 26
49 40


0 0
1 1
2 2
3 3
4 4
5 5
6 6
7 7
8 8
9 20
10 41
11 9
12 22
13 45
14 44
15 36
16 31
17 28
18 11
19 38
20 13
21 49
22 29
23 42
24 27
25 30
26 39
27 17
28 33
29 16
30 24
31 23
32 34
33 18
34 46
35 12
36 21
37 32
38 14
39 35
40 37
41 47
42 25
43 43
44 48
45 15
46 10
47 19
48 26
49 40


0 0
1 1
2 2
3 3
4 4
5 5
6 6
7 7
8 8
9 9
10 20
11 41
12 22
13 45
14 44
15 36
16 31
17 28
18 11
19 38
20 13
21 49
22 29
23 42
24 27
25 30
26 39
27 17
28 33
29 16
30 24
31 23
32 34
33 18
34 46
35 12
36 21
37 32
38 14
39 35
40 37
41 47
42 25
43 43
44 48
45 15
46 10
47 19
48 26
49 40


0 0
1 1
2 2
3 3
4 4
5 5
6 6
7 7
8 8
9 9
10 10
11 20
12 41
13 22
14 45
15 44
16 36
17 31
18 28
19 11
20 38
21 13
22 49
23 29
24 42
25 27
26 30
27 39
28 17
29 33
30 16
31 24
32 23
33 34
34 18
35 46
36 12
37 21
38 32
39 14
40 35
41 37
42 47
43 25
44 43
45 48
46 15
47 19
48 26
49 40


0 0
1 1
2 2
3 3
4 4
5 5
6 6
7 7
8 8
9 9
10 10
11 11
12 20
13 41
14 22
15 45
16 44
17 36
18 31
19 28
20 38
21 13
22 49
23 29
24 42
25 27
26 30
27 39
28 17
29 33
30 16
31 24
32 23
33 34
34 18
35 46
36 12
37 21
38 32
39 14
40 35
41 37
42 47
43 25
44 43
45 48
46 15
47 19
48 26
49 40


0 0
1 1
2 2
3 3
4 4
5 5
6 6
7 7
8 8
9 9
10 10
11 11
12 12
13 20
14 41
15 22
16 45
17 44
18 36
19 31
20 28
21 38
22 13
23 49
24 29
25 42
26 27
27 30
28 39
29 17
30 33
31 16
32 24
33 23
34 34
35 18
36 46
37 21
38 32
39 14
40 35
41 37
42 47
43 25
44 43
45 48
46 15
47 19
48 26
49 40


0 0
1 1
2 2
3 3
4 4
5 5
6 6
7 7
8 8
9 9
10 10
11 11
12 12
13 13
14 20
15 41
16 22
17 45
18 44
19 36
20 31
21 28
22 38
23 49
24 29
25 42
26 27
27 30
28 39
29 17
30 33
31 16
32 24
33 23
34 34
35 18
36 46
37 21
38 32
39 14
40 35
41 37
42 47
43 25
44 43
45 48
46 15
47 19
48 26
49 40


0 0
1 1
2 2
3 3
4 4
5 5
6 6
7 7
8 8
9 9
10 10
11 11
12 12
13 13
14 14
15 20
16 41
17 22
18 45
19 44
20 36
21 31
22 28
23 38
24 49
25 29
26 42
27 27
28 30
29 39
30 17
31 33
32 16
33 24
34 23
35 34
36 18
37 46
38 21
39 32
40 35
41 37
42 47
43 25
44 43
45 48
46 15
47 19
48 26
49 40


0 0
1 1
2 2
3 3
4 4
5 5
6 6
7 7
8 8
9 9
10 10
11 11
12 12
13 13
14 14
15 15
16 20
17 41
18 22
19 45
20 44
21 36
22 31
23 28
24 38
25 49
26 29
27 42
28 27
29 30
30 39
31 17
32 33
33 16
34 24
35 23
36 34
37 18
38 46
39 21
40 32
41 35
42 37
43 47
44 25
45 43
46 48
47 19
48 26
49 40


0 0
1 1
2 2
3 3
4 4
5 5
6 6
7 7
8 8
9 9
10 10
11 11
12 12
13 13
14 14
15 15
16 16
17 20
18 41
19 22
20 45
21 44
22 36
23 31
24 28
25 38
26 49
27 29
28 42
29 27
30 30
31 39
32 17
33 33
34 24
35 23
36 34
37 18
38 46
39 21
40 32
41 35
42 37
43 47
44 25
45 43
46 48
47 19
48 26
49 40


0 0
1 1
2 2
3 3
4 4
5 5
6 6
7 7
8 8
9 9
10 10
11 11
12 12
13 13
14 14
15 15
16 16
17 17
18 20
19 41
20 22
21 45
22 44
23 36
24 31
25 28
26 38
27 49
28 29
29 42
30 27
31 30
32 39
33 33
34 24
35 23
36 34
37 18
38 46
39 21
40 32
41 35
42 37
43 47
44 25
45 43
46 48
47 19
48 26
49 40


0 0
1 1
2 2
3 3
4 4
5 5
6 6
7 7
8 8
9 9
10 10
11 11
12 12
13 13
14 14
15 15
16 16
17 17
18 18
19 20
20 41
21 22
22 45
23 44
24 36
25 31
26 28
27 38
28 49
29 29
30 42
31 27
32 30
33 39
34 33
35 24
36 23
37 34
38 46
39 21
40 32
41 35
42 37
43 47
44 25
45 43
46 48
47 19
48 26
49 40


0 0
1 1
2 2
3 3
4 4
5 5
6 6
7 7
8 8
9 9
10 10
11 11
12 12
13 13
14 14
15 15
16 16
17 17
18 18
19 19
20 20
21 41
22 22
23 45
24 44
25 36
26 31
27 28
28 38
29 49
30 29
31 42
32 27
33 30
34 39
35 33
36 24
37 23
38 34
39 46
40 21
41 32
42 35
43 37
44 47
45 25
46 43
47 48
48 26
49 40


0 0
1 1
2 2
3 3
4 4
5 5
6 6
7 7
8 8
9 9
10 10
11 11
12 12
13 13
14 14
15 15
16 16
17 17
18 18
19 19
20 20
21 41
22 22
23 45
24 44
25 36
26 31
27 28
28 38
29 49
30 29
31 42
32 27
33 30
34 39
35 33
36 24
37 23
38 34
39 46
40 21
41 32
42 35
43 37
44 47
45 25
46 43
47 48
48 26
49 40


0 0
1 1
2 2
3 3
4 4
5 5
6 6
7 7
8 8
9 9
10 10
11 11
12 12
13 13
14 14
15 15
16 16
17 17
18 18
19 19
20 20
21 21
22 41
23 22
24 45
25 44
26 36
27 31
28 28
29 38
30 49
31 29
32 42
33 27
34 30
35 39
36 33
37 24
38 23
39 34
40 46
41 32
42 35
43 37
44 47
45 25
46 43
47 48
48 26
49 40


0 0
1 1
2 2
3 3
4 4
5 5
6 6
7 7
8 8
9 9
10 10
11 11
12 12
13 13
14 14
15 15
16 16
17 17
18 18
19 19
20 20
21 21
22 22
23 41
24 45
25 44
26 36
27 31
28 28
29 38
30 49
31 29
32 42
33 27
34 30
35 39
36 33
37 24
38 23
39 34
40 46
41 32
42 35
43 37
44 47
45 25
46 43
47 48
48 26
49 40


0 0
1 1
2 2
3 3
4 4
5 5
6 6
7 7
8 8
9 9
10 10
11 11
12 12
13 13
14 14
15 15
16 16
17 17
18 18
19 19
20 20
21 21
22 22
23 23
24 41
25 45
26 44
27 36
28 31
29 28
30 38
31 49
32 29
33 42
34 27
35 30
36 39
37 33
38 24
39 34
40 46
41 32
42 35
43 37
44 47
45 25
46 43
47 48
48 26
49 40


0 0
1 1
2 2
3 3
4 4
5 5
6 6
7 7
8 8
9 9
10 10
11 11
12 12
13 13
14 14
15 15
16 16
17 17
18 18
19 19
20 20
21 21
22 22
23 23
24 24
25 41
26 45
27 44
28 36
29 31
30 28
31 38
32 49
33 29
34 42
35 27
36 30
37 39
38 33
39 34
40 46
41 32
42 35
43 37
44 47
45 25
46 43
47 48
48 26
49 40


0 0
1 1
2 2
3 3
4 4
5 5
6 6
7 7
8 8
9 9
10 10
11 11
12 12
13 13
14 14
15 15
16 16
17 17
18 18
19 19
20 20
21 21
22 22
23 23
24 24
25 25
26 41
27 45
28 44
29 36
30 31
31 28
32 38
33 49
34 29
35 42
36 27
37 30
38 39
39 33
40 34
41 46
42 32
43 35
44 37
45 47
46 43
47 48
48 26
49 40


0 0
1 1
2 2
3 3
4 4
5 5
6 6
7 7
8 8
9 9
10 10
11 11
12 12
13 13
14 14
15 15
16 16
17 17
18 18
19 19
20 20
21 21
22 22
23 23
24 24
25 25
26 26
27 41
28 45
29 44
30 36
31 31
32 28
33 38
34 49
35 29
36 42
37 27
38 30
39 39
40 33
41 34
42 46
43 32
44 35
45 37
46 47
47 43
48 48
49 40


0 0
1 1
2 2
3 3
4 4
5 5
6 6
7 7
8 8
9 9
10 10
11 11
12 12
13 13
14 14
15 15
16 16
17 17
18 18
19 19
20 20
21 21
22 22
23 23
24 24
25 25
26 26
27 27
28 41
29 45
30 44
31 36
32 31
33 28
34 38
35 49
36 29
37 42
38 30
39 39
40 33
41 34
42 46
43 32
44 35
45 37
46 47
47 43
48 48
49 40


0 0
1 1
2 2
3 3
4 4
5 5
6 6
7 7
8 8
9 9
10 10
11 11
12 12
13 13
14 14
15 15
16 16
17 17
18 18
19 19
20 20
21 21
22 22
23 23
24 24
25 25
26 26
27 27
28 28
29 41
30 45
31 44
32 36
33 31
34 38
35 49
36 29
37 42
38 30
39 39
40 33
41 34
42 46
43 32
44 35
45 37
46 47
47 43
48 48
49 40


0 0
1 1
2 2
3 3
4 4
5 5
6 6
7 7
8 8
9 9
10 10
11 11
12 12
13 13
14 14
15 15
16 16
17 17
18 18
19 19
20 20
21 21
22 22
23 23
24 24
25 25
26 26
27 27
28 28
29 29
30 41
31 45
32 44
33 36
34 31
35 38
36 49
37 42
38 30
39 39
40 33
41 34
42 46
43 32
44 35
45 37
46 47
47 43
48 48
49 40


0 0
1 1
2 2
3 3
4 4
5 5
6 6
7 7
8 8
9 9
10 10
11 11
12 12
13 13
14 14
15 15
16 16
17 17
18 18
19 19
20 20
21 21
22 22
23 23
24 24
25 25
26 26
27 27
28 28
29 29
30 30
31 41
32 45
33 44
34 36
35 31
36 38
37 49
38 42
39 39
40 33
41 34
42 46
43 32
44 35
45 37
46 47
47 43
48 48
49 40


0 0
1 1
2 2
3 3
4 4
5 5
6 6
7 7
8 8
9 9
10 10
11 11
12 12
13 13
14 14
15 15
16 16
17 17
18 18
19 19
20 20
21 21
22 22
23 23
24 24
25 25
26 26
27 27
28 28
29 29
30 30
31 31
32 41
33 45
34 44
35 36
36 38
37 49
38 42
39 39
40 33
41 34
42 46
43 32
44 35
45 37
46 47
47 43
48 48
49 40


0 0
1 1
2 2
3 3
4 4
5 5
6 6
7 7
8 8
9 9
10 10
11 11
12 12
13 13
14 14
15 15
16 16
17 17
18 18
19 19
20 20
21 21
22 22
23 23
24 24
25 25
26 26
27 27
28 28
29 29
30 30
31 31
32 32
33 41
34 45
35 44
36 36
37 38
38 49
39 42
40 39
41 33
42 34
43 46
44 35
45 37
46 47
47 43
48 48
49 40


0 0
1 1
2 2
3 3
4 4
5 5
6 6
7 7
8 8
9 9
10 10
11 11
12 12
13 13
14 14
15 15
16 16
17 17
18 18
19 19
20 20
21 21
22 22
23 23
24 24
25 25
26 26
27 27
28 28
29 29
30 30
31 31
32 32
33 33
34 41
35 45
36 44
37 36
38 38
39 49
40 42
41 39
42 34
43 46
44 35
45 37
46 47
47 43
48 48
49 40


0 0
1 1
2 2
3 3
4 4
5 5
6 6
7 7
8 8
9 9
10 10
11 11
12 12
13 13
14 14
15 15
16 16
17 17
18 18
19 19
20 20
21 21
22 22
23 23
24 24
25 25
26 26
27 27
28 28
29 29
30 30
31 31
32 32
33 33
34 34
35 41
36 45
37 44
38 36
39 38
40 49
41 42
42 39
43 46
44 35
45 37
46 47
47 43
48 48
49 40


0 0
1 1
2 2
3 3
4 4
5 5
6 6
7 7
8 8
9 9
10 10
11 11
12 12
13 13
14 14
15 15
16 16
17 17
18 18
19 19
20 20
21 21
22 22
23 23
24 24
25 25
26 26
27 27
28 28
29 29
30 30
31 31
32 32
33 33
34 34
35 35
36 41
37 45
38 44
39 36
40 38
41 49
42 42
43 39
44 46
45 37
46 47
47 43
48 48
49 40


0 0
1 1
2 2
3 3
4 4
5 5
6 6
7 7
8 8
9 9
10 10
11 11
12 12
13 13
14 14
15 15
16 16
17 17
18 18
19 19
20 20
21 21
22 22
23 23
24 24
25 25
26 26
27 27
28 28
29 29
30 30
31 31
32 32
33 33
34 34
35 35
36 36
37 41
38 45
39 44
40 38
41 49
42 42
43 39
44 46
45 37
46 47
47 43
48 48
49 40


0 0
1 1
2 2
3 3
4 4
5 5
6 6
7 7
8 8
9 9
10 10
11 11
12 12
13 13
14 14
15 15
16 16
17 17
18 18
19 19
20 20
21 21
22 22
23 23
24 24
25 25
26 26
27 27
28 28
29 29
30 30
31 31
32 32
33 33
34 34
35 35
36 36
37 37
38 41
39 45
40 44
41 38
42 49
43 42
44 39
45 46
46 47
47 43
48 48
49 40


0 0
1 1
2 2
3 3
4 4
5 5
6 6
7 7
8 8
9 9
10 10
11 11
12 12
13 13
14 14
15 15
16 16
17 17
18 18
19 19
20 20
21 21
22 22
23 23
24 24
25 25
26 26
27 27
28 28
29 29
30 30
31 31
32 32
33 33
34 34
35 35
36 36
37 37
38 38
39 41
40 45
41 44
42 49
43 42
44 39
45 46
46 47
47 43
48 48
49 40


0 0
1 1
2 2
3 3
4 4
5 5
6 6
7 7
8 8
9 9
10 10
11 11
12 12
13 13
14 14
15 15
16 16
17 17
18 18
19 19
20 20
21 21
22 22
23 23
24 24
25 25
26 26
27 27
28 28
29 29
30 30
31 31
32 32
33 33
34 34
35 35
36 36
37 37
38 38
39 39
40 41
41 45
42 44
43 49
44 42
45 46
46 47
47 43
48 48
49 40


0 0
1 1
2 2
3 3
4 4
5 5
6 6
7 7
8 8
9 9
10 10
11 11
12 12
13 13
14 14
15 15
16 16
17 17
18 18
19 19
20 20
21 21
22 22
23 23
24 24
25 25
26 26
27 27
28 28
29 29
30 30
31 31
32 32
33 33
34 34
35 35
36 36
37 37
38 38
39 39
40 40
41 41
42 45
43 44
44 49
45 42
46 46
47 47
48 43
49 48


0 0
1 1
2 2
3 3
4 4
5 5
6 6
7 7
8 8
9 9
10 10
11 11
12 12
13 13
14 14
15 15
16 16
17 17
18 18
19 19
20 20
21 21
22 22
23 23
24 24
25 25
26 26
27 27
28 28
29 29
30 30
31 31
32 32
33 33
34 34
35 35
36 36
37 37
38 38
39 39
40 40
41 41
42 45
43 44
44 49
45 42
46 46
47 47
48 43
49 48


0 0
1 1
2 2
3 3
4 4
5 5
6 6
7 7
8 8
9 9
10 10
11 11
12 12
13 13
14 14
15 15
16 16
17 17
18 18
19 19
20 20
21 21
22 22
23 23
24 24
25 25
26 26
27 27
28 28
29 29
30 30
31 31
32 32
33 33
34 34
35 35
36 36
37 37
38 38
39 39
40 40
41 41
42 42
43 45
44 44
45 49
46 46
47 47
48 43
49 48


0 0
1 1
2 2
3 3
4 4
5 5
6 6
7 7
8 8
9 9
10 10
11 11
12 12
13 13
14 14
15 15
16 16
17 17
18 18
19 19
20 20
21 21
22 22
23 23
24 24
25 25
26 26
27 27
28 28
29 29
30 30
31 31
32 32
33 33
34 34
35 35
36 36
37 37
38 38
39 39
40 40
41 41
42 42
43 43
44 45
45 44
46 49
47 46
48 47
49 48


0 0
1 1
2 2
3 3
4 4
5 5
6 6
7 7
8 8
9 9
10 10
11 11
12 12
13 13
14 14
15 15
16 16
17 17
18 18
19 19
20 20
21 21
22 22
23 23
24 24
25 25
26 26
27 27
28 28
29 29
30 30
31 31
32 32
33 33
34 34
35 35
36 36
37 37
38 38
39 39
40 40
41 41
42 42
43 43
44 44
45 45
46 49
47 46
48 47
49 48


0 0
1 1
2 2
3 3
4 4
5 5
6 6
7 7
8 8
9 9
10 10
11 11
12 12
13 13
14 14
15 15
16 16
17 17
18 18
19 19
20 20
21 21
22 22
23 23
24 24
25 25
26 26
27 27
28 28
29 29
30 30
31 31
32 32
33 33
34 34
35 35
36 36
37 37
38 38
39 39
40 40
41 41
42 42
43 43
44 44
45 45
46 49
47 46
48 47
49 48


0 0
1 1
2 2
3 3
4 4
5 5
6 6
7 7
8 8
9 9
10 10
11 11
12 12
13 13
14 14
15 15
16 16
17 17
18 18
19 19
20 20
21 21
22 22
23 23
24 24
25 25
26 26
27 27
28 28
29 29
30 30
31 31
32 32
33 33
34 34
35 35
36 36
37 37
38 38
39 39
40 40
41 41
42 42
43 43
44 44
45 45
46 46
47 49
48 47
49 48


0 0
1 1
2 2
3 3
4 4
5 5
6 6
7 7
8 8
9 9
10 10
11 11
12 12
13 13
14 14
15 15
16 16
17 17
18 18
19 19
20 20
21 21
22 22
23 23
24 24
25 25
26 26
27 27
28 28
29 29
30 30
31 31
32 32
33 33
34 34
35 35
36 36
37 37
38 38
39 39
40 40
41 41
42 42
43 43
44 44
45 45
46 46
47 47
48 49
49 48


0 0
1 1
2 2
3 3
4 4
5 5
6 6
7 7
8 8
9 9
10 10
11 11
12 12
13 13
14 14
15 15
16 16
17 17
18 18
19 19
20 20
21 21
22 22
23 23
24 24
25 25
26 26
27 27
28 28
29 29
30 30
31 31
32 32
33 33
34 34
35 35
36 36
37 37
38 38
39 39
40 40
41 41
42 42
43 43
44 44
45 45
46 46
47 47
48 48
49 49


